1.488212055740234518e-04
1.985567003048705045e-04
3.545371560484485607e-04
6.740702476313177160e-04
1.258176404907128398e-04
6.641381730886451859e-04
5.450245318785909392e-04
6.640628053095437534e-04
8.204961464840401612e-04
1.122351205285546105e-03
6.327696317713720191e-04
4.133740719731892796e-04
6.669997919280573530e-04
6.676432966955648087e-04
2.408695464882419212e-03
1.577439933760647070e-03
1.852451985413388876e-03
1.305435591407468759e-03
9.416155082372314102e-04
1.212410616733162290e-03
2.354583951713834847e-04
8.123966535531919851e-04
1.333190077669893460e-03
3.822315410093103422e-04
3.089977138427241177e-04
6.128067115649062004e-04
1.020656029311564237e-03
1.050126240038183958e-03
3.899318969195122845e-04
8.448744403532121349e-04
4.738302311303817693e-04
1.108465887306070327e-04
8.437348420993907167e-04
3.946802676826680328e-04
6.920336175584738611e-04
9.123802204941626037e-04
8.497097845657078981e-04
7.572419690417193407e-04
7.832367826282040854e-04
6.486444861822110051e-04
4.462479492783778400e-04
5.296031526325254519e-04
4.767852874225355026e-04
2.932753122809137066e-04
9.958937215119956308e-04
5.905961364623949677e-04
5.483277587544008180e-04
3.952205136018820532e-04
1.207923133831495868e-03
8.414891452484819226e-04
8.739777191408806996e-04
7.546383131984021842e-04
1.349378752087993915e-03
9.592179688265200415e-04
8.160142974856059161e-04
5.443711371112419390e-04
4.457141469669926074e-04
2.884519037206199378e-04
2.000087338112675284e-04
2.995500559340931218e-04
1.075296130298325514e-04
5.728577761636889512e-04
3.921860778714001262e-04
3.441042474776206690e-04
4.312808937465993837e-04
2.820073990726474039e-04
5.078047437212708124e-04
4.161996393363793741e-04
3.730652764935726731e-04
2.589746926796814941e-04
1.689672382785421443e-04
5.109394945962093338e-04
1.064518659217147722e-04
2.544809336187305732e-04
3.684263652703091566e-04
2.330179392491974833e-04
2.837511564044144859e-04
2.148254841439072602e-04
1.797853489244184255e-04
3.139177581731704414e-04
2.916264402251425429e-04
2.203367582055850804e-04
3.172580079620064379e-04
5.164804102168533669e-04
3.976941293257835663e-04
3.130755925414678304e-04
5.468784834148620591e-04
3.775197849884586094e-04
3.929464281063185446e-04
2.208585297487711816e-04
1.608758880962247550e-04
3.537558102360420812e-04
4.051926212843312385e-04
5.264579916065014777e-04
4.066011935130752798e-04
2.838919303826628214e-04
3.884159244432849162e-04
3.892834347521618218e-04
2.450235707493469560e-04
5.644242604951381576e-04
5.072865352115013332e-04
9.293365083754092412e-05
4.498733413589845300e-04
3.423619600070614867e-04
2.541346914238738742e-04
1.745398202040841524e-04
9.021437770436904313e-05
1.918401884650573687e-04
2.662745695938400223e-04
2.092489842113620809e-04
3.692754358878479692e-04
2.882033736314489866e-05
5.669919794300151521e-05
4.704787705526186506e-04
1.351148023140885191e-04
1.718889547307999297e-04
1.857306504220006542e-04
1.745143654004621832e-04
3.603392012954790852e-04
1.048513041370081563e-04
4.053839306669907838e-04
2.610965371915064423e-04
1.139096421861879717e-04
2.355258864102844393e-04
1.380016490649980465e-04
4.130382842111786378e-04
1.526015393154636645e-04
1.685300939957214584e-04
3.243749689942837733e-05
3.298153028056772195e-05
