0.000000000000000000e+00
3.054016620498614998e+01
6.108033240997229996e+01
9.162049861495844993e+01
1.221606648199445999e+02
1.527008310249307499e+02
1.832409972299168999e+02
2.137811634349030498e+02
2.443213296398891998e+02
2.748614958448753214e+02
3.054016620498614998e+02
3.359418282548476782e+02
3.664819944598337997e+02
3.970221606648199213e+02
4.275623268698060997e+02
4.581024930747922781e+02
4.886426592797783997e+02
5.191828254847645212e+02
5.497229916897506428e+02
5.802631578947368780e+02
6.108033240997229996e+02
6.413434903047091211e+02
6.718836565096953564e+02
7.024238227146814779e+02
7.329639889196675995e+02
7.635041551246537210e+02
7.940443213296398426e+02
8.245844875346260778e+02
8.551246537396121994e+02
8.856648199445983209e+02
9.162049861495845562e+02
9.467451523545706777e+02
9.772853185595567993e+02
1.007825484764542921e+03
1.038365650969529042e+03
1.068905817174515278e+03
1.099445983379501286e+03
1.129986149584487521e+03
1.160526315789473756e+03
1.191066481994459764e+03
1.221606648199445999e+03
1.252146814404432234e+03
1.282686980609418242e+03
1.313227146814404477e+03
1.343767313019390713e+03
1.374307479224376721e+03
1.404847645429362956e+03
1.435387811634348964e+03
1.465927977839335199e+03
1.496468144044321434e+03
1.527008310249307442e+03
1.557548476454293677e+03
1.588088642659279685e+03
1.618628808864265920e+03
1.649168975069252156e+03
1.679709141274238164e+03
1.710249307479224399e+03
1.740789473684210634e+03
1.771329639889196642e+03
1.801869806094182877e+03
1.832409972299169112e+03
1.862950138504155120e+03
1.893490304709141355e+03
1.924030470914127363e+03
1.954570637119113599e+03
1.985110803324099834e+03
2.015650969529085842e+03
2.046191135734072077e+03
2.076731301939058085e+03
2.107271468144044320e+03
2.137811634349030555e+03
2.168351800554016791e+03
2.198891966759002571e+03
2.229432132963988806e+03
2.259972299168975042e+03
2.290512465373961277e+03
2.321052631578947512e+03
2.351592797783933747e+03
2.382132963988919528e+03
2.412673130193905763e+03
2.443213296398891998e+03
2.473753462603878233e+03
2.504293628808864469e+03
2.534833795013850249e+03
2.565373961218836484e+03
2.595914127423822720e+03
2.626454293628808955e+03
2.656994459833795190e+03
2.687534626038781425e+03
2.718074792243767206e+03
2.748614958448753441e+03
2.779155124653739676e+03
2.809695290858725912e+03
2.840235457063712147e+03
2.870775623268697927e+03
2.901315789473684163e+03
2.931855955678670398e+03
2.962396121883656633e+03
2.992936288088642868e+03
3.023476454293628649e+03
3.054016620498614884e+03
3.084556786703601119e+03
3.115096952908587355e+03
3.145637119113573590e+03
3.176177285318559370e+03
3.206717451523545606e+03
3.237257617728531841e+03
3.267797783933518076e+03
3.298337950138504311e+03
3.328878116343490547e+03
3.359418282548476327e+03
3.389958448753462562e+03
3.420498614958448798e+03
3.451038781163435033e+03
3.481578947368421268e+03
3.512119113573407049e+03
3.542659279778393284e+03
3.573199445983379519e+03
3.603739612188365754e+03
3.634279778393351990e+03
3.664819944598338225e+03
3.695360110803324005e+03
3.725900277008310240e+03
3.756440443213296476e+03
3.786980609418282711e+03
3.817520775623268946e+03
3.848060941828254727e+03
3.878601108033240962e+03
3.909141274238227197e+03
3.939681440443213432e+03
3.970221606648199668e+03
4.000761772853185448e+03
4.031301939058171683e+03
4.061842105263157919e+03
4.092382271468144154e+03
4.122922437673129934e+03
4.153462603878116170e+03
4.184002770083102405e+03
4.214542936288088640e+03
4.245083102493074875e+03
4.275623268698061111e+03
4.306163434903047346e+03
4.336703601108033581e+03
4.367243767313019816e+03
4.397783933518005142e+03
4.428324099722991377e+03
4.458864265927977613e+03
4.489404432132963848e+03
4.519944598337950083e+03
4.550484764542936318e+03
4.581024930747922554e+03
4.611565096952908789e+03
4.642105263157895024e+03
4.672645429362881259e+03
4.703185595567867495e+03
4.733725761772852820e+03
4.764265927977839056e+03
4.794806094182825291e+03
4.825346260387811526e+03
4.855886426592797761e+03
4.886426592797783997e+03
4.916966759002770232e+03
4.947506925207756467e+03
4.978047091412742702e+03
5.008587257617728937e+03
5.039127423822715173e+03
5.069667590027700498e+03
5.100207756232686734e+03
5.130747922437672969e+03
5.161288088642659204e+03
5.191828254847645439e+03
5.222368421052631675e+03
5.252908587257617910e+03
5.283448753462604145e+03
5.313988919667590380e+03
5.344529085872576616e+03
5.375069252077562851e+03
5.405609418282548177e+03
5.436149584487534412e+03
5.466689750692520647e+03
5.497229916897506882e+03
5.527770083102493118e+03
5.558310249307479353e+03
5.588850415512465588e+03
5.619390581717451823e+03
5.649930747922438059e+03
5.680470914127424294e+03
5.711011080332409620e+03
5.741551246537395855e+03
5.772091412742382090e+03
5.802631578947368325e+03
5.833171745152354561e+03
5.863711911357340796e+03
5.894252077562327031e+03
5.924792243767313266e+03
5.955332409972299502e+03
5.985872576177285737e+03
6.016412742382271972e+03
6.046952908587257298e+03
6.077493074792243533e+03
6.108033240997229768e+03
6.138573407202216003e+03
6.169113573407202239e+03
6.199653739612188474e+03
6.230193905817174709e+03
6.260734072022160944e+03
6.291274238227147180e+03
6.321814404432133415e+03
6.352354570637118741e+03
6.382894736842104976e+03
6.413434903047091211e+03
6.443975069252077446e+03
6.474515235457063682e+03
6.505055401662049917e+03
6.535595567867036152e+03
6.566135734072022387e+03
6.596675900277008623e+03
6.627216066481994858e+03
6.657756232686981093e+03
6.688296398891966419e+03
6.718836565096952654e+03
6.749376731301938889e+03
6.779916897506925125e+03
6.810457063711911360e+03
6.840997229916897595e+03
6.871537396121883830e+03
6.902077562326870066e+03
6.932617728531856301e+03
6.963157894736842536e+03
6.993698060941828771e+03
7.024238227146814097e+03
7.054778393351800332e+03
7.085318559556786568e+03
7.115858725761772803e+03
7.146398891966759038e+03
7.176939058171745273e+03
7.207479224376731509e+03
7.238019390581717744e+03
7.268559556786703979e+03
7.299099722991690214e+03
7.329639889196676450e+03
7.360180055401661775e+03
7.390720221606648010e+03
7.421260387811634246e+03
7.451800554016620481e+03
7.482340720221606716e+03
7.512880886426592951e+03
7.543421052631579187e+03
7.573961218836565422e+03
7.604501385041551657e+03
7.635041551246537892e+03
7.665581717451523218e+03
7.696121883656509453e+03
7.726662049861495689e+03
7.757202216066481924e+03
7.787742382271468159e+03
7.818282548476454394e+03
7.848822714681440630e+03
7.879362880886426865e+03
7.909903047091413100e+03
7.940443213296399335e+03
7.970983379501385571e+03
8.001523545706370896e+03
8.032063711911357132e+03
8.062603878116343367e+03
8.093144044321329602e+03
8.123684210526315837e+03
8.154224376731302073e+03
8.184764542936288308e+03
8.215304709141273634e+03
8.245844875346259869e+03
8.276385041551246104e+03
8.306925207756232339e+03
8.337465373961218575e+03
8.368005540166204810e+03
8.398545706371191045e+03
8.429085872576177280e+03
8.459626038781163516e+03
8.490166204986149751e+03
8.520706371191135986e+03
8.551246537396122221e+03
8.581786703601108456e+03
8.612326869806094692e+03
8.642867036011080927e+03
8.673407202216067162e+03
8.703947368421053397e+03
8.734487534626039633e+03
8.765027700831025868e+03
8.795567867036010284e+03
8.826108033240996519e+03
8.856648199445982755e+03
8.887188365650968990e+03
8.917728531855955225e+03
8.948268698060941460e+03
8.978808864265927696e+03
9.009349030470913931e+03
9.039889196675900166e+03
9.070429362880886401e+03
9.100969529085872637e+03
9.131509695290858872e+03
9.162049861495845107e+03
9.192590027700831342e+03
9.223130193905817578e+03
9.253670360110803813e+03
9.284210526315790048e+03
9.314750692520776283e+03
9.345290858725762519e+03
9.375831024930748754e+03
9.406371191135734989e+03
9.436911357340721224e+03
9.467451523545705641e+03
9.497991689750691876e+03
9.528531855955678111e+03
9.559072022160664346e+03
9.589612188365650582e+03
9.620152354570636817e+03
9.650692520775623052e+03
9.681232686980609287e+03
9.711772853185595523e+03
9.742313019390581758e+03
9.772853185595567993e+03
9.803393351800554228e+03
9.833933518005540463e+03
9.864473684210526699e+03
9.895013850415512934e+03
9.925554016620499169e+03
9.956094182825485404e+03
9.986634349030471640e+03
1.001717451523545787e+04
1.004771468144044411e+04
1.007825484764543035e+04
1.010879501385041476e+04
1.013933518005540100e+04
1.016987534626038723e+04
1.020041551246537347e+04
1.023095567867035970e+04
1.026149584487534594e+04
1.029203601108033217e+04
1.032257617728531841e+04
1.035311634349030464e+04
1.038365650969529088e+04
1.041419667590027711e+04
1.044473684210526335e+04
1.047527700831024958e+04
1.050581717451523582e+04
1.053635734072022206e+04
1.056689750692520829e+04
1.059743767313019453e+04
1.062797783933518076e+04
1.065851800554016700e+04
1.068905817174515323e+04
1.071959833795013947e+04
1.075013850415512570e+04
1.078067867036011012e+04
1.081121883656509635e+04
1.084175900277008259e+04
1.087229916897506882e+04
1.090283933518005506e+04
1.093337950138504129e+04
1.096391966759002753e+04
1.099445983379501376e+04
1.102500000000000000e+04
1.105554016620498624e+04
1.108608033240997247e+04
1.111662049861495871e+04
1.114716066481994494e+04
1.117770083102493118e+04
1.120824099722991741e+04
1.123878116343490365e+04
1.126932132963988988e+04
1.129986149584487612e+04
1.133040166204986235e+04
1.136094182825484859e+04
1.139148199445983482e+04
1.142202216066481924e+04
1.145256232686980547e+04
1.148310249307479171e+04
1.151364265927977794e+04
1.154418282548476418e+04
1.157472299168975042e+04
1.160526315789473665e+04
1.163580332409972289e+04
1.166634349030470912e+04
1.169688365650969536e+04
1.172742382271468159e+04
1.175796398891966783e+04
1.178850415512465406e+04
1.181904432132964030e+04
1.184958448753462653e+04
1.188012465373961277e+04
1.191066481994459900e+04
1.194120498614958524e+04
1.197174515235457147e+04
1.200228531855955771e+04
1.203282548476454394e+04
1.206336565096952836e+04
1.209390581717451460e+04
1.212444598337950083e+04
1.215498614958448707e+04
1.218552631578947330e+04
1.221606648199445954e+04
1.224660664819944577e+04
1.227714681440443201e+04
1.230768698060941824e+04
1.233822714681440448e+04
1.236876731301939071e+04
1.239930747922437695e+04
1.242984764542936318e+04
1.246038781163434942e+04
1.249092797783933565e+04
1.252146814404432189e+04
1.255200831024930812e+04
1.258254847645429436e+04
1.261308864265928059e+04
1.264362880886426683e+04
1.267416897506925307e+04
1.270470914127423748e+04
1.273524930747922372e+04
1.276578947368420995e+04
1.279632963988919619e+04
1.282686980609418242e+04
1.285740997229916866e+04
1.288795013850415489e+04
1.291849030470914113e+04
1.294903047091412736e+04
1.297957063711911360e+04
1.301011080332409983e+04
1.304065096952908607e+04
1.307119113573407230e+04
1.310173130193905854e+04
1.313227146814404477e+04
1.316281163434903101e+04
1.319335180055401725e+04
1.322389196675900348e+04
1.325443213296398972e+04
1.328497229916897595e+04
1.331551246537396219e+04
1.334605263157894842e+04
1.337659279778393284e+04
1.340713296398891907e+04
1.343767313019390531e+04
1.346821329639889154e+04
1.349875346260387778e+04
1.352929362880886401e+04
1.355983379501385025e+04
1.359037396121883648e+04
1.362091412742382272e+04
1.365145429362880895e+04
1.368199445983379519e+04
1.371253462603878143e+04
1.374307479224376766e+04
1.377361495844875390e+04
1.380415512465374013e+04
1.383469529085872637e+04
1.386523545706371260e+04
1.389577562326869884e+04
1.392631578947368507e+04
1.395685595567867131e+04
1.398739612188365754e+04
1.401793628808864196e+04
1.404847645429362819e+04
1.407901662049861443e+04
1.410955678670360066e+04
1.414009695290858690e+04
1.417063711911357314e+04
1.420117728531855937e+04
1.423171745152354561e+04
1.426225761772853184e+04
1.429279778393351808e+04
1.432333795013850431e+04
1.435387811634349055e+04
1.438441828254847678e+04
1.441495844875346302e+04
1.444549861495844925e+04
1.447603878116343549e+04
1.450657894736842172e+04
1.453711911357340796e+04
1.456765927977839419e+04
1.459819944598338043e+04
1.462873961218836666e+04
1.465927977839335290e+04
1.468981994459833732e+04
1.472036011080332355e+04
1.475090027700830979e+04
1.478144044321329602e+04
1.481198060941828226e+04
1.484252077562326849e+04
1.487306094182825473e+04
1.490360110803324096e+04
1.493414127423822720e+04
1.496468144044321343e+04
1.499522160664819967e+04
1.502576177285318590e+04
1.505630193905817214e+04
1.508684210526315837e+04
1.511738227146814461e+04
1.514792243767313084e+04
1.517846260387811708e+04
1.520900277008310331e+04
1.523954293628808955e+04
1.527008310249307578e+04
1.530062326869806202e+04
1.533116343490304644e+04
1.536170360110803267e+04
1.539224376731301891e+04
1.542278393351800514e+04
1.545332409972299138e+04
1.548386426592797761e+04
1.551440443213296385e+04
1.554494459833795008e+04
1.557548476454293632e+04
1.560602493074792255e+04
1.563656509695290879e+04
1.566710526315789502e+04
1.569764542936288126e+04
1.572818559556786749e+04
1.575872576177285373e+04
1.578926592797783997e+04
1.581980609418282620e+04
1.585034626038781244e+04
1.588088642659279867e+04
1.591142659279778491e+04
1.594196675900277114e+04
1.597250692520775556e+04
1.600304709141274179e+04
1.603358725761772803e+04
1.606412742382271426e+04
1.609466759002770050e+04
1.612520775623268673e+04
1.615574792243767297e+04
1.618628808864265920e+04
1.621682825484764544e+04
1.624736842105263167e+04
1.627790858725761791e+04
1.630844875346260415e+04
1.633898891966759038e+04
1.636952908587257662e+04
1.640006925207756285e+04
1.643060941828254727e+04
1.646114958448753532e+04
1.649168975069251974e+04
1.652222991689750779e+04
1.655277008310249221e+04
1.658331024930748026e+04
1.661385041551246468e+04
1.664439058171745273e+04
1.667493074792243715e+04
1.670547091412742520e+04
1.673601108033240962e+04
1.676655124653739767e+04
1.679709141274238209e+04
1.682763157894737014e+04
1.685817174515235456e+04
1.688871191135734261e+04
1.691925207756232703e+04
1.694979224376731145e+04
1.698033240997229950e+04
1.701087257617728392e+04
1.704141274238227197e+04
1.707195290858725639e+04
1.710249307479224444e+04
1.713303324099722886e+04
1.716357340720221691e+04
1.719411357340720133e+04
1.722465373961218938e+04
1.725519390581717380e+04
1.728573407202216185e+04
1.731627423822714627e+04
1.734681440443213432e+04
1.737735457063711874e+04
1.740789473684210679e+04
1.743843490304709121e+04
1.746897506925207927e+04
1.749951523545706368e+04
1.753005540166205174e+04
1.756059556786703615e+04
1.759113573407202057e+04
1.762167590027700862e+04
1.765221606648199304e+04
1.768275623268698109e+04
1.771329639889196551e+04
1.774383656509695356e+04
1.777437673130193798e+04
1.780491689750692603e+04
1.783545706371191045e+04
1.786599722991689850e+04
1.789653739612188292e+04
1.792707756232687098e+04
1.795761772853185539e+04
1.798815789473684345e+04
1.801869806094182786e+04
1.804923822714681592e+04
1.807977839335180033e+04
1.811031855955678839e+04
1.814085872576177280e+04
1.817139889196676086e+04
1.820193905817174527e+04
1.823247922437673333e+04
1.826301939058171774e+04
1.829355955678670216e+04
1.832409972299169021e+04
1.835463988919667463e+04
1.838518005540166268e+04
1.841572022160664710e+04
1.844626038781163516e+04
1.847680055401661957e+04
1.850734072022160763e+04
1.853788088642659204e+04
1.856842105263158010e+04
1.859896121883656451e+04
1.862950138504155257e+04
1.866004155124653698e+04
1.869058171745152504e+04
1.872112188365650945e+04
1.875166204986149751e+04
1.878220221606648192e+04
1.881274238227146998e+04
1.884328254847645439e+04
1.887382271468144245e+04
1.890436288088642686e+04
1.893490304709141128e+04
1.896544321329639934e+04
1.899598337950138375e+04
1.902652354570637181e+04
1.905706371191135622e+04
1.908760387811634428e+04
1.911814404432132869e+04
1.914868421052631675e+04
1.917922437673130116e+04
1.920976454293628922e+04
1.924030470914127363e+04
1.927084487534626169e+04
1.930138504155124610e+04
1.933192520775623416e+04
1.936246537396121857e+04
1.939300554016620663e+04
1.942354570637119105e+04
1.945408587257617910e+04
1.948462603878116352e+04
1.951516620498615157e+04
1.954570637119113599e+04
1.957624653739612040e+04
1.960678670360110846e+04
1.963732686980609287e+04
1.966786703601108093e+04
1.969840720221606534e+04
1.972894736842105340e+04
1.975948753462603781e+04
1.979002770083102587e+04
1.982056786703601028e+04
1.985110803324099834e+04
1.988164819944598275e+04
1.991218836565097081e+04
1.994272853185595523e+04
1.997326869806094328e+04
2.000380886426592770e+04
2.003434903047091575e+04
2.006488919667590017e+04
2.009542936288088822e+04
2.012596952908587264e+04
2.015650969529086069e+04
2.018704986149584511e+04
2.021759002770082952e+04
2.024813019390581758e+04
2.027867036011080199e+04
2.030921052631579005e+04
2.033975069252077446e+04
2.037029085872576252e+04
2.040083102493074693e+04
2.043137119113573499e+04
2.046191135734071941e+04
2.049245152354570746e+04
2.052299168975069188e+04
2.055353185595567993e+04
2.058407202216066435e+04
2.061461218836565240e+04
2.064515235457063682e+04
2.067569252077562487e+04
2.070623268698060929e+04
2.073677285318559734e+04
2.076731301939058176e+04
2.079785318559556981e+04
2.082839335180055423e+04
2.085893351800553864e+04
2.088947368421052670e+04
2.092001385041551111e+04
2.095055401662049917e+04
2.098109418282548359e+04
2.101163434903047164e+04
2.104217451523545606e+04
2.107271468144044411e+04
2.110325484764542853e+04
2.113379501385041658e+04
2.116433518005540100e+04
2.119487534626038905e+04
2.122541551246537347e+04
2.125595567867036152e+04
2.128649584487534594e+04
2.131703601108033399e+04
2.134757617728531841e+04
2.137811634349030646e+04
2.140865650969529088e+04
2.143919667590027893e+04
2.146973684210526335e+04
2.150027700831025140e+04
2.153081717451523582e+04
2.156135734072022024e+04
2.159189750692520829e+04
2.162243767313019271e+04
2.165297783933518076e+04
2.168351800554016518e+04
2.171405817174515323e+04
2.174459833795013765e+04
2.177513850415512570e+04
2.180567867036011012e+04
2.183621883656509817e+04
2.186675900277008259e+04
2.189729916897507064e+04
2.192783933518005506e+04
2.195837950138504311e+04
2.198891966759002753e+04
2.201945983379501558e+04
