1.559573519216428394e-07
-3.292659996077418327e-03
-4.447677638381719589e-03
8.163062855601310730e-03
-9.231535717844963074e-03
4.565788432955741882e-03
3.012297675013542175e-04
-5.896260030567646027e-03
6.945814937353134155e-03
-6.234393455088138580e-03
1.663337228819727898e-03
1.647604745812714100e-03
-5.110340192914009094e-03
4.951693117618560791e-03
-4.193039145320653915e-03
7.372146937996149063e-04
1.394277554936707020e-03
-4.119956400245428085e-03
3.960958216339349747e-03
-3.472879994660615921e-03
5.864758859388530254e-04
1.473485841415822506e-03
-3.668155288323760033e-03
3.475487465038895607e-03
-2.638578182086348534e-03
2.357816556468605995e-04
1.343596843071281910e-03
-2.732591005042195320e-03
2.683777594938874245e-03
-2.346668159589171410e-03
1.193691859953105450e-03
3.166362876072525978e-04
-2.193777123466134071e-03
3.766974201425909996e-03
-4.089981783181428909e-03
2.477158559486269951e-03
1.066692406311631203e-03
-4.786700475960969925e-03
6.717027164995670319e-03
-4.898083396255970001e-03
2.944676671177148819e-04
5.453839432448148727e-03
-8.124855346977710724e-03
6.937162484973669052e-03
-1.126236631534993649e-03
-4.765060264617204666e-03
8.779278956353664398e-03
-7.213535252958536148e-03
2.678825985640287399e-03
3.624191973358392715e-03
-6.818065885454416275e-03
7.273743394762277603e-03
-3.573262598365545273e-03
-7.123989053070545197e-05
4.017178434878587723e-03
-5.176517181098461151e-03
5.852525588124990463e-03
-3.753548255190253258e-03
1.543750287964940071e-03
3.257326781749725342e-03
-6.649220362305641174e-03
9.611079469323158264e-03
-7.021015975624322891e-03
1.426465809345245361e-03
8.078857325017452240e-03
-1.383609883487224579e-02
1.471686735749244690e-02
-5.880096461623907089e-03
-6.216627079993486404e-03
1.844559796154499054e-02
-2.056085690855979919e-02
1.317265536636114120e-02
3.848102875053882599e-03
-1.898876018822193146e-02
2.659300342202186584e-02
-1.925934106111526489e-02
2.313141711056232452e-03
1.770663447678089142e-02
-2.845960482954978943e-02
2.545512281358242035e-02
-8.744253776967525482e-03
-1.198634225875139236e-02
2.683712914586067200e-02
-2.770544029772281647e-02
1.519449707120656967e-02
3.812660463154315948e-03
-1.964277029037475586e-02
2.456329949200153351e-02
-1.858541555702686310e-02
5.200359970331192017e-03
6.891571916639804840e-03
-1.489623915404081345e-02
1.541142538189888000e-02
-1.344450283795595169e-02
8.042516186833381653e-03
-2.966371830552816391e-03
-5.891650915145874023e-03
1.497110538184642792e-02
-2.402909286320209503e-02
2.392125315964221954e-02
-1.335035078227519989e-02
-9.753406979143619537e-03
3.313211724162101746e-02
-4.664158448576927185e-02
3.705213591456413269e-02
-6.777637638151645660e-03
-3.377550467848777771e-02
6.253496557474136353e-02
-6.325867027044296265e-02
3.060021437704563141e-02
2.152779139578342438e-02
-6.787540018558502197e-02
8.375634998083114624e-02
-5.785577744245529175e-02
1.521170139312744141e-03
5.905945971608161926e-02
-9.178163856267929077e-02
8.072995394468307495e-02
-2.919794805347919464e-02
-3.586002066731452942e-02
8.340729027986526489e-02
-8.958511799573898315e-02
5.366820469498634338e-02
4.837913438677787781e-03
-5.698509514331817627e-02
7.832133769989013672e-02
-6.457956135272979736e-02
2.482079900801181793e-02
1.649780757725238800e-02
-4.603177681565284729e-02
5.197700113058090210e-02
-4.497208446264266968e-02
2.562947571277618408e-02
-7.848777808248996735e-03
-1.809219829738140106e-02
4.027407988905906677e-02
-6.517400592565536499e-02
6.553325802087783813e-02
-4.372187703847885132e-02
-1.725729182362556458e-02
7.996562868356704712e-02
-1.278276294469833374e-01
1.093160584568977356e-01
-3.700600191950798035e-02
-8.042447268962860107e-02
1.651173830032348633e-01
-1.833332180976867676e-01
9.401208907365798950e-02
4.820278659462928772e-02
-1.887952685356140137e-01
2.312552034854888916e-01
-1.593401879072189331e-01
-1.089296489953994751e-02
1.779804229736328125e-01
-2.606817781925201416e-01
2.004898935556411743e-01
-3.421706333756446838e-02
-1.528232842683792114e-01
2.549452781677246094e-01
-2.165972441434860229e-01
6.428527832031250000e-02
1.186436191201210022e-01
-2.221561819314956665e-01
2.018866091966629028e-01
-6.669751554727554321e-02
-8.514975011348724365e-02
1.789154261350631714e-01
-1.513843089342117310e-01
4.778162017464637756e-02
7.548119127750396729e-02
-1.239124312996864319e-01
9.079229086637496948e-02
5.337325856089591980e-03
-7.681520283222198486e-02
8.486237376928329468e-02
-1.608655974268913269e-02
-6.531000882387161255e-02
1.016826629638671875e-01
-5.290075019001960754e-02
-4.704837501049041748e-02
1.313955783843994141e-01
-1.308616995811462402e-01
3.624873608350753784e-02
9.895762801170349121e-02
-1.847743988037109375e-01
1.579958498477935791e-01
-2.591256052255630493e-02
-1.336563825607299805e-01
2.189774811267852783e-01
-1.723582148551940918e-01
1.682335138320922852e-02
1.523583084344863892e-01
-2.312564700841903687e-01
1.691681593656539917e-01
-5.327365361154079437e-03
-1.592340618371963501e-01
2.234053760766983032e-01
-1.502524763345718384e-01
-1.074985414743423462e-02
1.586308628320693970e-01
-2.017606496810913086e-01
1.207017004489898682e-01
3.200735151767730713e-02
-1.537310183048248291e-01
1.757839918136596680e-01
-8.293569833040237427e-02
-5.338077992200851440e-02
1.529581546783447266e-01
-1.449286490678787231e-01
4.836858436465263367e-02
8.165273070335388184e-02
-1.484384238719940186e-01
1.219312623143196106e-01
-8.449777960777282715e-03
-1.027233302593231201e-01
1.521041095256805420e-01
-9.340880811214447021e-02
-2.057824470102787018e-02
1.288957148790359497e-01
-1.463254094123840332e-01
7.469676434993743896e-02
5.313113331794738770e-02
-1.411360651254653931e-01
1.449681073427200317e-01
-4.977012053132057190e-02
-7.168336957693099976e-02
1.528165340423583984e-01
-1.321589201688766479e-01
3.342329338192939758e-02
8.913535624742507935e-02
-1.502454131841659546e-01
1.205812916159629822e-01
-1.429247669875621796e-02
-9.498869627714157104e-02
1.446436792612075806e-01
-1.020968407392501831e-01
2.770423889160156250e-04
9.861092269420623779e-02
-1.319856345653533936e-01
8.333602547645568848e-02
1.470591500401496887e-02
-9.926217049360275269e-02
1.181112825870513916e-01
-6.262438744306564331e-02
-3.104577027261257172e-02
1.012297496199607849e-01
-1.051564738154411316e-01
3.983769938349723816e-02
5.040981993079185486e-02
-1.078948900103569031e-01
9.311936795711517334e-02
-1.567945629358291626e-02
-7.532136887311935425e-02
1.181949600577354431e-01
-8.279366791248321533e-02
-1.131485309451818466e-02
1.032774150371551514e-01
-1.310601532459259033e-01
7.219349592924118042e-02
3.924541547894477844e-02
-1.314087063074111938e-01
1.425962746143341064e-01
-6.031597033143043518e-02
-6.535176932811737061e-02
1.555259972810745239e-01
-1.489686667919158936e-01
4.752422124147415161e-02
8.824491500854492188e-02
-1.712078601121902466e-01
1.486840844154357910e-01
-3.167854622006416321e-02
-1.058006659150123596e-01
1.780577152967453003e-01
-1.383382976055145264e-01
1.234000921249389648e-02
1.200274527072906494e-01
-1.748686432838439941e-01
1.173847317695617676e-01
1.286039128899574280e-02
-1.328193247318267822e-01
1.624055355787277222e-01
-8.687641471624374390e-02
-4.675844311714172363e-02
1.441637873649597168e-01
-1.464120596647262573e-01
4.471638798713684082e-02
8.442280441522598267e-02
-1.620815098285675049e-01
1.232794746756553650e-01
-2.274904400110244751e-03
-1.329398751258850098e-01
1.766787767410278320e-01
-1.080670729279518127e-01
-4.750250279903411865e-02
1.744821965694427490e-01
-2.017377316951751709e-01
8.870279043912887573e-02
8.248723298311233521e-02
-2.200321704149246216e-01
2.173269540071487427e-01
-8.490232378244400024e-02
-1.149315088987350464e-01
2.452405691146850586e-01
-2.371547669172286987e-01
7.907923310995101929e-02
1.239271387457847595e-01
-2.608538866043090820e-01
2.403794378042221069e-01
-8.338995277881622314e-02
-1.222680881619453430e-01
2.505635321140289307e-01
-2.327068299055099487e-01
8.356982469558715820e-02
1.043510735034942627e-01
-2.199463546276092529e-01
2.055866271257400513e-01
-7.681372761726379395e-02
-7.721655070781707764e-02
1.725018173456192017e-01
-1.560833007097244263e-01
6.097664311528205872e-02
5.344865098595619202e-02
-1.095533370971679688e-01
9.398379921913146973e-02
-2.512753568589687347e-02
-3.332828357815742493e-02
4.986089468002319336e-02
-1.767405867576599121e-02
-2.161768265068531036e-02
3.166724368929862976e-02
2.977642230689525604e-03
-5.546358600258827209e-02
7.954891026020050049e-02
-4.684492945671081543e-02
-3.607859089970588684e-02
1.149064823985099792e-01
-1.393250674009323120e-01
7.538899779319763184e-02
4.145158454775810242e-02
-1.541702747344970703e-01
1.844909042119979858e-01
-1.162868067622184753e-01
-2.732501737773418427e-02
1.591625809669494629e-01
-2.134835869073867798e-01
1.495754420757293701e-01
-8.644483983516693115e-03
-1.400319486856460571e-01
2.107613980770111084e-01
-1.730246692895889282e-01
4.644855484366416931e-02
9.652617573738098145e-02
-1.830289959907531738e-01
1.728641539812088013e-01
-7.786888629198074341e-02
-4.439032077789306641e-02
1.345890164375305176e-01
-1.477164626121520996e-01
9.349591284990310669e-02
-4.278495907783508301e-04
-7.374278455972671509e-02
1.068785190582275391e-01
-8.246984332799911499e-02
3.405421972274780273e-02
2.249526046216487885e-02
-5.029717460274696350e-02
5.847164988517761230e-02
-3.893316164612770081e-02
2.043781988322734833e-02
4.175955429673194885e-03
-1.565884239971637726e-02
3.095770440995693207e-02
-3.353625908493995667e-02
3.588332980871200562e-02
-1.914737001061439514e-02
-1.569582149386405945e-03
3.264210373163223267e-02
-4.870002344250679016e-02
5.060951039195060730e-02
-2.461784519255161285e-02
-1.088091265410184860e-02
4.759377241134643555e-02
-6.073880195617675781e-02
4.868456348776817322e-02
-1.134349405765533447e-02
-2.953219972550868988e-02
5.748737230896949768e-02
-5.683205649256706238e-02
3.050113283097743988e-02
8.956256322562694550e-03
-4.115982726216316223e-02
5.187466368079185486e-02
-3.752320632338523865e-02
7.819243706762790680e-03
2.142087183892726898e-02
-3.656734526157379150e-02
3.257325291633605957e-02
-1.489781495183706284e-02
-5.449213087558746338e-03
1.824844256043434143e-02
-1.924594677984714508e-02
1.187831442803144455e-02
-1.969045260921120644e-03
-3.290737047791481018e-03
4.244404379278421402e-03
-1.424889778718352318e-03
1.554005080834031105e-03
-3.391877980902791023e-03
8.375960402190685272e-03
-8.881768211722373962e-03
5.853100214153528214e-03
4.407098051160573959e-03
-1.259813737124204636e-02
1.800630614161491394e-02
-1.194121595472097397e-02
1.240022596903145313e-03
1.327614113688468933e-02
-1.944300718605518341e-02
1.767056807875633240e-02
-4.887837916612625122e-03
-8.487176150083541870e-03
1.859730109572410583e-02
-1.718105189502239227e-02
8.158386684954166412e-03
5.381339695304632187e-03
-1.412200368940830231e-02
1.498470734804868698e-02
-7.450386881828308105e-03
-3.150314558297395706e-03
1.061818934977054596e-02
-1.155266538262367249e-02
5.370459053665399551e-03
2.612973796203732491e-03
-9.171742945909500122e-03
8.604752831161022186e-03
-4.332301206886768341e-03
-4.026561975479125977e-03
7.722247857600450516e-03
-9.014318697154521942e-03
2.544972114264965057e-03
2.787248697131872177e-03
-9.067074395716190338e-03
7.507910486310720444e-03
-4.766723606735467911e-03
-3.362248418852686882e-03
6.433517206460237503e-03
-8.891986683011054993e-03
3.666068892925977707e-03
-3.351501654833555222e-04
-5.615959409624338150e-03
5.156235303729772568e-03
-5.386761855334043503e-03
7.706544129177927971e-04
1.340459712082520127e-04
-3.268517320975661278e-03
2.215961460024118423e-03
-3.960709087550640106e-03
2.222971990704536438e-03
-2.832890022546052933e-03
-9.474230464547872543e-04
2.592899603769183159e-03
-6.689631845802068710e-03
5.687158554792404175e-03
-4.121240228414535522e-03
-2.470148028805851936e-03
6.577078718692064285e-03
-9.999899193644523621e-03
6.615124642848968506e-03
-1.382331596687436104e-03
-6.809487007558345795e-03
1.025069039314985275e-02
-1.032038498669862747e-02
3.633284009993076324e-03
3.353390842676162720e-03
-1.041634380817413330e-02
1.064670458436012268e-02
-7.457875180989503860e-03
-9.742167312651872635e-04
7.079438306391239166e-03
-1.114355958998203278e-02
8.363902568817138672e-03
-3.091432387009263039e-03
-4.686587024480104446e-03
8.405721746385097504e-03
-9.331055916845798492e-03
4.431794863194227219e-03
4.951481241732835770e-04
-6.162466015666723251e-03
6.902058608829975128e-03
-6.149964407086372375e-03
1.488043228164315224e-03
1.662586233578622341e-03
-5.145683418959379196e-03
4.807928111404180527e-03
-4.168422892689704895e-03
6.430090870708227158e-04
1.277551869861781597e-03
-4.095767159014940262e-03
3.815174801275134087e-03
-3.463717876002192497e-03
6.017538835294544697e-04
1.264881808310747147e-03
-3.639016766101121902e-03
3.323383163660764694e-03
-2.822331385686993599e-03
2.033346099779009819e-04
1.101048663258552551e-03
-2.740617142990231514e-03
2.540800953283905983e-03
-2.573965815827250481e-03
1.191886025480926037e-03
3.787875175476074219e-05
-2.298720413818955421e-03
3.694437211379408836e-03
-4.291859921067953110e-03
2.470718696713447571e-03
9.475311380811035633e-04
-4.865145310759544373e-03
6.630915217101573944e-03
-4.941722378134727478e-03
1.765775959938764572e-04
5.291870795190334320e-03
-8.014247752726078033e-03
6.606579292565584183e-03
-1.117520383559167385e-03
-4.607270006090402603e-03
8.342865854501724243e-03
-6.855966988950967789e-03
2.607565838843584061e-03
3.341840114444494247e-03
-6.378117948770523071e-03
6.819891743361949921e-03
-3.488576970994472504e-03
1.469557173550128937e-04
3.622789634391665459e-03
-4.733221139758825302e-03
5.636954680085182190e-03
-3.808077890425920486e-03
1.915946253575384617e-03
2.817990723997354507e-03
-6.385703105479478836e-03
9.591175243258476257e-03
-7.208921480923891068e-03
1.761743798851966858e-03
7.773892953991889954e-03
-1.366235967725515366e-02
1.480281632393598557e-02
-6.057753227651119232e-03
-5.920743104070425034e-03
1.826902292668819427e-02
-2.045316621661186218e-02
1.325681339949369431e-02
3.776487661525607109e-03
-1.874420046806335449e-02
2.644457295536994934e-02
-1.904640533030033112e-02
2.384093590080738068e-03
1.772614195942878723e-02
-2.809194661676883698e-02
2.527488395571708679e-02
-8.321924135088920593e-03
-1.184407528489828110e-02
2.662955410778522491e-02
-2.709926851093769073e-02
1.495168171823024750e-02
3.905238816514611244e-03
-1.916971616446971893e-02
2.416348457336425781e-02
-1.819512061774730682e-02
5.390093661844730377e-03
6.637382321059703827e-03
-1.433558855205774307e-02
1.546458434313535690e-02
-1.352385152131319046e-02
8.619541302323341370e-03
-3.136173821985721588e-03
-5.954955238848924637e-03
1.550910156220197678e-02
-2.458433993160724640e-02
2.415463142096996307e-02
-1.294488552957773209e-02
-1.056213676929473877e-02
3.402923792600631714e-02
-4.690958186984062195e-02
3.648952394723892212e-02
-5.468642339110374451e-03
-3.503005579113960266e-02
6.299380958080291748e-02
-6.245146319270133972e-02
2.898672968149185181e-02
2.316744066774845123e-02
-6.853125989437103271e-02
8.294969052076339722e-02
-5.603099986910820007e-02
-4.627332091331481934e-04
5.987860262393951416e-02
-9.106264263391494751e-02
7.878147810697555542e-02
-2.716804109513759613e-02
-3.672090172767639160e-02
8.277904987335205078e-02
-8.769176155328750610e-02
5.197444930672645569e-02
5.653705447912216187e-03
-5.618501082062721252e-02
7.692912220954895020e-02
-6.314720958471298218e-02
2.472771517932415009e-02
1.574816554784774780e-02
-4.484724998474121094e-02
5.156575515866279602e-02
-4.542232677340507507e-02
2.673369273543357849e-02
-8.481863886117935181e-03
-1.841601170599460602e-02
4.165380075573921204e-02
-6.666063517332077026e-02
6.592813134193420410e-02
-4.246547818183898926e-02
-1.956070959568023682e-02
8.190450072288513184e-02
-1.281520128250122070e-01
1.073285639286041260e-01
-3.387520834803581238e-02
-8.305283635854721069e-02
1.653020977973937988e-01
-1.809827834367752075e-01
9.005483984947204590e-02
5.109686404466629028e-02
-1.892693042755126953e-01
2.284066677093505859e-01
-1.553256809711456299e-01
-1.431626081466674805e-02
1.780790388584136963e-01
-2.581098079681396484e-01
1.962637305259704590e-01
-3.137338906526565552e-02
-1.531034857034683228e-01
2.522307634353637695e-01
-2.130346447229385376e-01
6.180328875780105591e-02
1.183405518531799316e-01
-2.196657955646514893e-01
1.987049728631973267e-01
-6.525910645723342896e-02
-8.419042825698852539e-02
1.761087626218795776e-01
-1.489725857973098755e-01
4.735993221402168274e-02
7.343475520610809326e-02
-1.208352148532867432e-01
8.885797113180160522e-02
4.636999219655990601e-03
-7.376514375209808350e-02
8.134610205888748169e-02
-1.447784900665283203e-02
-6.379759311676025391e-02
9.779737889766693115e-02
-4.890753328800201416e-02
-4.852920770645141602e-02
1.293959468603134155e-01
-1.263443827629089355e-01
3.202007338404655457e-02
1.004518121480941772e-01
-1.823744177818298340e-01
1.533215939998626709e-01
-2.166063338518142700e-02
-1.348182857036590576e-01
2.165132313966751099e-01
-1.677572131156921387e-01
1.307885348796844482e-02
1.531129181385040283e-01
-2.286109775304794312e-01
1.649664789438247681e-01
-2.405963838100433350e-03
-1.592556089162826538e-01
2.204826772212982178e-01
-1.466661542654037476e-01
-1.257029175758361816e-02
1.576245874166488647e-01
-1.986385285854339600e-01
1.178085505962371826e-01
3.257922828197479248e-02
-1.516275703907012939e-01
1.725131422281265259e-01
-8.088238537311553955e-02
-5.272571742534637451e-02
1.500480175018310547e-01
-1.415647864341735840e-01
4.717486351728439331e-02
8.017269521951675415e-02
-1.447508037090301514e-01
1.187724322080612183e-01
-7.674165070056915283e-03
-1.003029942512512207e-01
1.481749266386032104e-01
-9.023832529783248901e-02
-2.072088606655597687e-02
1.261349618434906006e-01
-1.420090496540069580e-01
7.192894071340560913e-02
5.301259830594062805e-02
-1.379014551639556885e-01
1.408856660127639771e-01
-4.719034209847450256e-02
-7.107389718294143677e-02
1.495751440525054932e-01
-1.283028274774551392e-01
3.129542246460914612e-02
8.815450221300125122e-02
-1.470153778791427612e-01
1.171681955456733704e-01
-1.282011903822422028e-02
-9.360949695110321045e-02
1.415653377771377563e-01
-9.920451045036315918e-02
-3.548562526702880859e-04
9.683169424533843994e-02
-1.289413720369338989e-01
8.124517649412155151e-02
1.457695662975311279e-02
-9.687837958335876465e-02
1.152700409293174744e-01
-6.109081581234931946e-02
-2.996598556637763977e-02
9.839291870594024658e-02
-1.022113114595413208e-01
3.893967717885971069e-02
4.871766641736030579e-02
-1.043411120772361755e-01
9.010357409715652466e-02
-1.497746631503105164e-02
-7.291259616613388062e-02
1.141385883092880249e-01
-7.936365157365798950e-02
-1.188845932483673096e-02
1.005028486251831055e-01
-1.263883411884307861e-01
6.833517551422119141e-02
3.990140929818153381e-02
-1.283454447984695435e-01
1.375105082988739014e-01
-5.613461136817932129e-02
-6.616885960102081299e-02
1.524095833301544189e-01
-1.436304748058319092e-01
4.323833063244819641e-02
8.918976038694381714e-02
-1.679683029651641846e-01
1.435214430093765259e-01
-2.747787162661552429e-02
-1.063756793737411499e-01
1.749451309442520142e-01
-1.334320008754730225e-01
8.765891194343566895e-03
1.200541704893112183e-01
-1.715654730796813965e-01
1.129510849714279175e-01
1.534792780876159668e-02
-1.319488137960433960e-01
1.586801409721374512e-01
-8.312498033046722412e-02
-4.810111597180366516e-02
1.419745534658432007e-01
-1.422413587570190430e-01
4.126780480146408081e-02
8.435048162937164307e-02
-1.584840714931488037e-01
1.182739138603210449e-01
5.667060613632202148e-04
-1.316923797130584717e-01
1.716979295015335083e-01
-1.025312617421150208e-01
-5.003844201564788818e-02
1.721465140581130981e-01
-1.958588212728500366e-01
8.272493630647659302e-02
8.460330218076705933e-02
-2.170268297195434570e-01
2.107802033424377441e-01
-7.912287861108779907e-02
-1.167371124029159546e-01
2.415507733821868896e-01
-2.308107614517211914e-01
7.354365289211273193e-02
1.248458921909332275e-01
-2.571084499359130859e-01
2.342448383569717407e-01
-7.890165597200393677e-02
-1.225341185927391052e-01
2.465382516384124756e-01
-2.273582518100738525e-01
8.016639202833175659e-02
1.036272794008255005e-01
-2.158862650394439697e-01
2.010708600282669067e-01
-7.479040324687957764e-02
-7.555381953716278076e-02
1.685166507959365845e-01
-1.525471955537796021e-01
6.016467884182929993e-02
5.091752111911773682e-02
-1.055685430765151978e-01
9.136561304330825806e-02
-2.558475174009799957e-02
-3.003457747399806976e-02
4.592309892177581787e-02
-1.590737141668796539e-02
-1.999526098370552063e-02
2.754322998225688934e-02
6.592850200831890106e-03
-5.642810463905334473e-02
7.687571644783020020e-02
-4.254854843020439148e-02
-3.962896019220352173e-02
1.151134148240089417e-01
-1.363253742456436157e-01
7.077176123857498169e-02
4.466943442821502686e-02
-1.542110890150070190e-01
1.812384724617004395e-01
-1.119441539049148560e-01
-3.041653893887996674e-02
1.591497212648391724e-01
-2.107187509536743164e-01
1.455180794000625610e-01
-5.919441580772399902e-03
-1.403795331716537476e-01
2.085444331169128418e-01
-1.698679178953170776e-01
4.397412389516830444e-02
9.702007472515106201e-02
-1.817214787006378174e-01
1.707765012979507446e-01
-7.614973932504653931e-02
-4.512151330709457397e-02
1.342967450618743896e-01
-1.468397378921508789e-01
9.251257777214050293e-02
3.101602196693420410e-04
-7.404799014329910278e-02
1.070943325757980347e-01
-8.234451711177825928e-02
3.393283858895301819e-02
2.332754246890544891e-02
-5.113412439823150635e-02
5.948776006698608398e-02
-3.912551701068878174e-02
1.995684579014778137e-02
5.560181103646755219e-03
-1.710853539407253265e-02
3.191987425088882446e-02
-3.339827433228492737e-02
3.473525121808052063e-02
-1.749086752533912659e-02
-2.953520044684410095e-03
3.315111994743347168e-02
-4.804373160004615784e-02
4.929711669683456421e-02
-2.310579456388950348e-02
-1.184305734932422638e-02
4.773155227303504944e-02
-6.008821353316307068e-02
4.738816246390342712e-02
-1.014091819524765015e-02
-3.036982938647270203e-02
5.737594887614250183e-02
-5.620252341032028198e-02
2.931188046932220459e-02
9.897286072373390198e-03
-4.188974201679229736e-02
5.155245214700698853e-02
-3.698245063424110413e-02
6.789207458496093750e-03
2.217053249478340149e-02
-3.695961833000183105e-02
3.237945958971977234e-02
-1.433929521590471268e-02
-6.098744459450244904e-03
1.882757619023323059e-02
-1.947881095111370087e-02
1.188343111425638199e-02
-1.621362986043095589e-03
-3.687612945213913918e-03
4.824269097298383713e-03
-1.748075475916266441e-03
1.747313188388943672e-03
-3.060806309804320335e-03
8.005281910300254822e-03
-8.328718133270740509e-03
5.463066045194864273e-03
4.585308954119682312e-03
-1.237404346466064453e-02
1.760249398648738861e-02
-1.133239734917879105e-02
8.713822462595999241e-04
1.351435668766498566e-02
-1.908832415938377380e-02
1.717964932322502136e-02
-4.211479797959327698e-03
-8.732659742236137390e-03
1.854658499360084534e-02
-1.669420115649700165e-02
7.683265022933483124e-03
5.777300801128149033e-03
-1.414113771170377731e-02
1.476740371435880661e-02
-7.076229434460401535e-03
-3.528505330905318260e-03
1.068435795605182648e-02
-1.160188019275665283e-02
4.996516741812229156e-03
2.821048488840460777e-03
-9.513673372566699982e-03
8.517690934240818024e-03
-4.184525925666093826e-03
-4.442492965608835220e-03
7.907323539257049561e-03
-9.075087495148181915e-03
2.233136445283889771e-03
3.002991899847984314e-03
-9.474347345530986786e-03
7.494691759347915649e-03
-4.536987282335758209e-03
-3.859699936583638191e-03
6.676239427179098129e-03
-8.905219845473766327e-03
3.389698918908834457e-03
4.123710095882415771e-05
-5.895184818655252457e-03
5.218921694904565811e-03
-5.119434557855129242e-03
5.187148344703018665e-04
4.435130103956907988e-04
-3.207428613677620888e-03
2.175510162487626076e-03
-3.746259724721312523e-03
2.198873087763786316e-03
-2.702993806451559067e-03
-8.461794350296258926e-04
2.731377258896827698e-03
-6.675224285572767258e-03
5.796798970550298691e-03
-3.903248347342014313e-03
-2.624346408993005753e-03
6.905257701873779297e-03
-1.001489534974098206e-02
6.427373271435499191e-03
-9.071943350136280060e-04
-7.044814527034759521e-03
1.030435506254434586e-02
-1.009827572852373123e-02
3.264958038926124573e-03
3.688290016725659370e-03
-1.041763368993997574e-02
1.051707193255424500e-02
-7.109662983566522598e-03
-1.231663860380649567e-03
7.140398956835269928e-03
-1.109118666499853134e-02
